1 l1 1 2
4 7
3 0 6   0 1 2   0 2 3   3 1 5   1 0 5   1 3 2   2 3 3  

2 l2 2 2
5 7
3 4 2   2 3 1   2 1 4   1 3 3   4 4 4   1 1 2   2 0 1 

3 l3 4 3
5 9
0 2 1   3 0 3   2 1 2   3 1 3   0 0 3   2 4 5   3 4 1   4 4 5   4 0 6   

5 l4 6 5
4 8
2 1 6   0 0 1   0 1 2   1 0 2   1 2 4   2 0 6   3 2 4   3 0 3 

7 l 8 7
6 18
0 2 5   0 5 3   2 5 2   1 1 3   3 2 2   1 4 6   3 3 6   0 4 3   2 2 1   3 5 3   3 1 6   5 0 5   4 2 4   5 3 4   4 4 4   3 4 6   4 0 6   1 5 5 

8 l 8 8
6 19
2 3 3   1 0 3   2 4 6   4 4 6   1 2 3   5 5 4   5 1 1   1 4 3   3 0 4   2 0 1   5 3 2   0 4 1   2 1 3   5 4 5   3 1 2   5 2 4   0 3 1   3 2 5   4 3 1 

9 lvl
5 17
1 1 3   1 0 1   4 1 3   0 1 5   3 4 3   1 3 6   3 2 4   0 4 3   1 2 1   2 4 4   3 1 4   2 3 4   4 2 4   4 0 3   1 4 2   0 2 5   2 0 5   

10 l 10 11
6 20
3 4 6   2 2 2   5 0 6   5 3 5   0 1 4   1 3 4   2 4 4   0 4 5   1 1 3   3 1 1   3 5 5   3 0 1   4 1 5   3 2 4   1 2 6   2 0 3   5 2 1   1 0 4   5 5 3   0 5 4  

10 l 7 14
5 17
0 0 2   0 2 4   0 4 6   1 1 2   1 3 3   1 4 5   2 1 3   2 2 2   2 3 6   2 4 6   3 0 6   3 1 2   3 3 1   3 4 4   4 1 1   4 2 1   4 4 1  

10 l 8 12
5 15
2 3 4   0 4 1   2 0 5   3 0 3   0 2 5   2 2 3   0 0 4   4 0 3   2 4 5   1 0 6   4 1 3   1 3 5   1 1 3   3 4 2   4 4 1  

11 lvl 53
4 11
2 3 6   1 3 3   3 1 6   0 3 4   2 1 2   1 1 3   2 0 2   0 1 2   2 2 3   1 0 1   3 0 6   

11 lvl 12 9
6 26
5 2 1   5 3 3   5 0 5   1 2 2   1 4 3   4 3 5   2 4 1   2 0 2   4 2 4   3 5 2   1 0 2   0 1 5   4 5 5   5 4 5   2 5 4   3 0 4   5 1 6   3 2 1   3 1 5   0 5 2   0 2 2   0 4 2   4 1 3   1 5 1   4 0 5   3 3 2   

12 l 12 13
7 31
1 0 6   6 0 6   5 2 6   2 6 3   0 4 1   1 4 5   0 2 4   0 3 2   6 6 5   2 5 2   5 4 3   0 5 5   6 2 3   4 4 4   4 5 4   1 1 6   6 4 4   5 3 3   3 2 2   2 1 3   3 1 6   5 1 5   5 5 2   6 3 1   0 6 6   2 4 5   4 0 5   2 0 5   3 3 4   1 5 3   3 5 4  

12 lvl 13 10
7 26
6 6 4   2 4 3   6 3 1   3 5 6   4 6 5   4 2 5   2 0 2   1 6 3   0 2 1   5 6 2   4 1 5   6 0 4   1 0 2   2 5 2   5 3 4   2 1 2   0 5 3   4 5 6   0 3 2   1 1 1   5 1 6   3 6 2   2 3 6   1 3 5   2 2 6   3 0 6   
 
13 lvl
8 43
7 2 1   1 2 2   1 4 1   7 4 3   3 2 5   0 2 6   1 6 2   3 0 6   0 6 3   2 6 1   6 2 5   5 6 3   1 1 2   7 0 4   0 7 2   5 0 2   4 4 4   7 5 5   1 3 6   0 1 5   6 7 6   6 1 1   6 5 4   1 5 2   4 0 2   2 5 6   2 2 1   5 7 1   4 5 3   4 6 2   6 4 3   0 3 2   2 0 5   5 2 1   6 0 1   2 1 5   0 4 4   7 3 3   4 3 3   1 0 6   4 7 5   5 1 2   0 5 2   

13 lvl
5 17
4 2 3   3 4 3   2 0 4   3 3 6   1 3 4   0 1 6   0 3 2   3 2 4   1 2 1   2 2 4   4 1 6   2 3 3   0 2 3   1 0 4   2 4 5   3 0 2   4 3 4   

13 l 13 13
5 16
1 2 4   1 1 6   4 0 1   4 2 6   4 3 5   2 4 6   1 0 6   3 2 1   1 3 4   0 4 1   1 4 1   0 2 1   2 1 1   2 2 3   3 4 1   3 0 3 

13 l 11 15
4 9
3 2 2   1 3 1   2 1 4   2 3 3   0 3 4   1 1 2   2 0 1   3 3 1   1 2 6

14 lvl 13 15
6 18
2 0 6   4 3 4   4 5 3   1 5 6   5 5 1   1 1 3   1 3 5   0 0 5   3 3 6   1 0 4   0 4 1   3 4 2   2 3 2   5 4 6   4 1 4   3 2 5   2 1 2   0 3 4  
 
14 lvl 15 13
5 17
2 2 4   0 3 5   0 0 4   1 2 3   2 1 2   3 4 4   4 4 3   4 2 6   1 1 5   0 4 2   3 1 2   3 2 1   3 0 1   1 0 2   4 1 3   0 1 4   2 0 2   

15 l 17 14
6 20
0 0 1   0 3 4   0 4 6   1 1 2   1 2 2   1 4 5   2 0 3   2 2 1   2 3 6   2 4 2   3 2 2   3 3 1   3 4 4   3 5 6   4 0 1   4 2 2   4 4 1   5 1 3   5 3 6  5 5 1 

15 lvl
8 44
4 1 6   1 4 4   0 7 3   3 6 6   1 7 6   6 0 5   0 3 6   1 5 2   4 6 4   3 4 3   4 5 3   7 1 2   1 6 5   6 6 1   4 3 1   3 5 5   6 1 1   3 0 2   5 6 2   2 6 1   7 0 5   4 4 3   5 7 4   7 4 4   7 5 2   6 7 5   2 4 1   6 5 2   0 5 2   1 1 4   4 0 3   2 0 3   0 1 4   6 4 2   6 3 4   3 3 6   5 0 4   5 3 3   5 2 2   2 2 4   2 1 6   5 1 1   2 3 1   2 5 4   

15 lvl 12 22
6 25
1 2 1   3 4 2   0 2 3   2 1 4   2 4 4   5 3 5   1 5 6   5 0 4   4 0 4   3 0 2   5 5 1   3 5 2   4 1 6   4 5 4   4 3 1   1 1 4   4 4 6   0 5 6   4 2 4   0 3 5   0 4 3   1 0 6   2 2 4   1 4 1   2 0 2   

15 lvl 18 8
5 17
0 1 3   2 2 6   1 4 2   4 3 4   3 1 3   2 1 2   0 4 2   4 1 2   0 2 5   4 2 4   2 3 6   1 2 3   3 4 5   1 3 2   1 0 6   2 4 5   3 0 2   

15 lvl
4 11
0 1 6   3 0 3   1 3 2   3 2 6   2 2 3   2 1 5   1 1 3   1 2 1   2 3 5   2 0 5   1 0 2   

15 lvl
5 19
0 4 5   1 2 2   3 2 1   0 1 2   2 1 3   0 2 5   2 4 3   2 0 1   4 2 6   1 0 6   1 4 5   2 3 1   3 1 5   1 1 5   4 0 4   4 3 4   3 0 5   3 4 5   3 3 4   

16 lvl 60
4 12
1 3 4   1 1 5   2 0 2   3 1 5   0 2 3   1 0 2   3 0 5   2 2 5   0 1 3   1 2 1   2 1 4   2 3 4   

16 lvl 61
4 13
2 0 3   2 3 1   1 2 3   3 1 5   3 0 1   1 0 1   3 2 1   0 3 4   0 2 3   1 1 4   2 1 1   0 1 5   1 3 4   

16 lvl
6 23
3 4 2   1 5 6   2 0 2   3 3 3   5 1 4   3 5 4   2 3 6   2 1 4   0 5 5   1 0 1   2 5 3   4 3 6   2 4 3   3 0 3   4 4 3   4 0 6   5 2 5   0 1 1   5 0 1   3 1 1   5 3 4   4 1 1   4 2 3   

16 l 14 18
5 17
0 1 2   0 2 3   0 3 6   1 0 2   1 2 3   1 4 4   2 1 6   2 2 2   2 3 6   2 4 6   3 0 6   3 1 2   3 3 2   3 4 5   4 1 1   4 2 3   4 4 1  

16 l 20 12
4 11
0 3 6   0 0 1   0 1 2   2 1 1   1 1 6   1 2 2   3 2 6   3 1 5   2 2 2   3 3 2   2 0 1 

17 l 16 18
4 14
0 1 2   0 2 6   0 3 3   1 1 2   1 2 3   1 3 2   2 0 6   2 1 3   2 2 2   2 3 6   3 0 2   3 1 3   3 2 1   3 3 3   

17 l 18 17
5 15
3 4 5   3 1 2   0 0 3   1 1 5   2 1 2   4 0 1   3 2 1   0 1 6   1 2 1   4 3 4   0 2 4   0 4 2   2 2 3   1 0 1   2 3 6   

17 lvl
5 19
4 1 6   3 0 2   2 0 3   1 1 6   3 4 5   3 1 2   2 4 3   0 3 1   1 2 2   0 2 3   0 1 2   4 2 5   1 0 2   2 2 3   1 4 5   0 4 4   1 3 2   2 1 5   4 0 5   

17 lvl 15 23
7 32
1 5 3   2 0 1   3 5 4   4 2 1   3 2 3   5 6 2   4 4 1   5 4 5   5 1 6   6 5 3   5 0 6   0 3 3   6 2 4   4 5 5   5 3 3   2 2 6   6 3 5   6 6 4   3 4 5   1 1 4   4 1 2   6 4 4   5 5 6   3 3 3   2 3 4   0 5 5   0 2 2   2 5 1   1 0 2   0 4 6   6 1 5   2 1 2   

18 lvl
6 26
2 1 5   0 4 4   2 4 2   4 0 2   3 3 6   4 4 1   3 5 2   1 1 1   5 3 1   2 3 1   4 1 1   1 0 2   3 1 1   1 3 1   2 2 3   5 0 1   2 5 1   5 2 6   5 4 1   1 2 4   5 1 2   1 4 4   2 0 6   0 3 3   3 4 3   3 2 6   

18 lvl 15 25
5 18
1 3 5   1 2 3   4 2 4   2 4 2   0 1 6   2 2 2   1 1 5   0 0 4   3 0 5   3 2 5   0 2 2   3 3 3   2 3 3   2 1 3   1 4 3   4 1 6   4 4 1   2 0 4   

18 lvl 18 20
5 17
4 2 5   0 3 1   3 1 1   2 1 6   4 0 3   2 0 1   1 1 1   0 1 3   3 3 3   4 4 5   3 0 3   2 3 5   1 2 5   1 3 4   0 4 2   0 2 3   1 4 4   

18 lvl
5 16
4 1 6   2 0 6   2 2 6   3 4 6   1 1 5   0 3 4   0 1 4   4 2 3   3 0 4   1 3 2   2 3 3   4 3 2   1 2 5   3 1 5   4 0 6   1 0 1   

19 lvl 18 21
7 35
5 3 1   0 3 3   5 6 1   6 4 4   5 5 2   6 0 1   2 5 3   5 0 4   0 0 3   2 0 6   4 6 1   1 0 1   3 0 4   3 3 6   2 2 6   3 5 4   5 4 3   0 1 3   1 3 3   4 2 4   6 1 3   6 2 4   1 6 5   3 2 6   5 2 6   2 4 3   4 5 3   0 4 5   1 2 1   0 5 2   3 6 3   6 5 5   0 6 5   6 6 3   2 1 5   

19 lvl 20 17
6 23
4 0 5   2 1 5   0 3 6   3 3 4   0 4 5   0 0 4   4 3 3   3 2 2   1 5 3   2 0 6   1 0 6   1 1 2   5 1 4   0 2 4   5 3 2   3 1 6   3 0 5   1 2 5   1 3 6   4 2 1   5 2 5   0 5 6   5 0 6

19 lvl
7 33
1 4 5   0 2 2   1 6 4   5 2 4   3 4 3   2 2 6   3 5 1   1 0 2   4 4 6   2 0 5   5 5 3   4 3 6   3 0 5   2 6 6   0 3 2   4 2 4   6 1 3   1 3 5   5 4 1   4 1 3   3 1 6   2 3 1   6 5 3   6 3 3   0 5 1   2 5 3   6 0 2   0 1 4   5 3 4   1 1 4   3 6 3   6 2 2   4 0 1   

19 lvl 20 18
7 32
5 4 4   6 2 3   4 4 3   1 1 5   0 5 1   3 2 2   4 5 3   3 1 4   4 6 6   0 1 5   4 3 1   6 5 6   0 2 2   6 0 5   5 6 5   0 4 6   3 6 3   5 3 1   6 6 1   4 1 4   2 6 4   1 3 6   0 3 2   6 3 5   5 1 1   4 2 1   0 6 5   3 4 4   2 2 4   6 1 3   4 0 1   1 6 6  

20 lvl 13 35
7 31
1 6 5   5 5 6   4 6 6   4 0 4   0 1 4   3 5 3   6 0 1   2 4 4   5 4 5   2 1 2   4 2 5   4 3 5   3 4 4   5 2 4   3 1 3   3 2 2   1 4 6   2 5 3   5 1 6   2 3 3   5 3 4   2 0 4   4 4 3   3 0 5   0 2 2   3 6 6   1 3 2   0 4 6   5 6 4   0 0 1   2 6 1   
  
20 lvl
6 28
2 5 3   3 4 3   0 3 4   0 4 3   4 5 4   0 2 3   1 4 5   3 0 1   4 1 4   1 5 6   3 2 2   5 4 3   3 5 4   2 1 2   4 3 3   5 0 2   5 1 4   5 3 2   1 0 4   4 2 1   0 5 1   2 3 5   2 2 6   3 3 4   1 2 5   1 3 2   0 1 2   1 1 5   

20 lvl 19 24
6 26
4 1 2   2 0 3   1 2 1   5 0 5   0 0 3   4 2 2   4 3 1   0 5 5   3 3 1   0 4 4   2 1 5   3 2 4   3 4 4   2 4 5   1 5 4   5 4 4   5 3 3   0 1 4   1 3 5   0 2 5   4 5 3   2 2 2   3 5 3   2 5 5   5 1 4   0 3 1   

20 lvl
5 18
3 1 1   3 0 2   3 4 1   3 2 6   1 4 1   4 3 5   1 1 3   0 2 2   0 1 4   0 3 4   2 4 5   1 0 3   4 1 3   0 4 5   3 3 2   4 0 1   2 1 5   1 3 1   

20 lvl 20 21
4 13
3 1 3   0 2 3   2 0 1   0 3 5   1 2 4   1 0 2   3 0 2   2 2 4   0 0 3   3 3 5   1 1 1   1 3 1   3 2 1   

21 lvl 18 28
6 24
1 1 3   5 3 6   2 4 4   3 0 2   1 0 2   0 4 4   1 2 3   5 2 2   5 1 3   3 4 1   2 2 6   4 1 2   0 0 1   0 5 3   2 1 1   3 5 2   5 0 2   1 3 4   4 0 5   0 3 5   1 5 3   2 3 4   4 2 1   4 3 5   

21 lvl
7 35
5 5 5   0 6 1   1 5 5   6 4 1   5 3 4   5 0 3   6 1 2   0 2 6   2 5 4   3 5 3   6 2 1   3 6 3   2 0 6   4 5 3   5 2 5   5 4 2   2 3 5   1 3 1   3 0 2   1 4 5   6 0 5   4 0 5   3 2 6   5 1 4   3 1 4   3 3 6   4 2 2   6 5 1   1 2 2   6 3 2   0 3 3   2 1 2   3 4 1   2 4 6   0 5 5   

22 lvl 20 28
7 32
6 1 4   2 2 3   2 5 4   2 0 3   2 3 1   6 2 3   2 4 6   3 6 3   5 4 1   0 3 4   4 3 3   4 5 4   0 0 4   4 6 6   3 2 2   3 0 5   4 2 5   6 5 1   1 4 5   3 5 2   1 6 4   1 2 2   0 4 6   5 2 2   5 0 6   3 4 5   6 4 3   0 6 3   6 6 2   5 1 4   0 1 3   0 2 4   

24 lvl 50
5 20
3 0 5   0 3 3   4 3 6   3 1 6   0 1 3   2 0 6   3 3 6   3 2 3   1 4 5   1 3 4   4 1 3   2 2 4   4 0 1   2 3 2   1 0 2   0 2 1   2 1 2   2 4 2   0 4 4   1 1 1   

25 l 24 27
5 17
3 2 2   1 3 1   2 1 4   2 3 3   0 3 4   1 1 2   2 0 1   3 3 6   2 4 2   2 2 1   0 0 4   1 4 3   3 4 4   1 2 2   4 4 1   3 0 5   0 2 6

25 lvl 21 33
6 29
5 2 6   1 1 2   3 2 1   2 0 3   1 0 4   4 4 3   1 2 2   2 3 4   0 1 6   0 3 3   0 4 4   0 5 5   0 0 2   4 5 2   3 0 5   5 4 3   4 3 1   3 1 1   3 5 4   4 2 4   1 5 6   5 0 4   4 0 5   1 4 4   2 1 2   2 4 2   5 3 1   4 1 4   1 3 4   

25 lvl 23 30
4 11
2 1 1   2 3 4   2 0 1   1 3 6   0 2 5   1 1 4   3 1 1   1 0 3   3 2 6   3 0 4   2 2 5   

25 lvl 
4 12
2 2 5   2 0 1   0 3 3   3 2 4   0 1 4   0 2 5   2 3 5   1 2 1   1 0 1   3 1 3   1 1 6   1 3 3   

26 lvl 26 25
4 12
2 1 4   3 0 2   0 0 3   1 1 3   0 2 6   3 2 3   2 0 5   3 3 3   3 1 4   1 0 6   2 3 6   0 1 1   

26 lvl 26 25
4 14
2 1 3   0 0 2   3 2 6   0 3 5   1 0 5   1 3 3   2 0 4   3 3 2   3 1 3   2 3 5   1 1 2   2 2 2   0 2 3   3 0 4 

27 lvl 24 34
6 27
2 1 4   3 5 5   0 3 3   3 4 3   1 5 5   2 5 3   2 0 5   4 4 6   1 1 6   1 2 4   1 3 4   5 4 1   4 0 2   5 5 3   2 2 5   0 1 4   1 4 3   0 4 2   5 3 4   4 2 3   0 2 6   5 0 6   2 3 2   3 0 5   0 5 4   5 2 2   4 5 4   

28 lvl 24 37
4 10
1 1 6   3 1 4   1 2 2   2 3 6   1 0 4   0 1 1   0 3 3   3 2 4   2 0 6   1 3 3   

28 lvl
7 36
4 6 1   2 5 1   6 1 6   2 2 6   0 5 3   4 0 6   2 6 4   6 3 1   1 1 6   5 0 2   2 4 4   5 6 2   6 4 6   1 2 2   1 4 6   6 5 4   1 5 2   5 4 1   2 3 3   5 1 5   2 1 2   6 0 4   1 6 4   4 1 2   3 1 6   1 3 1   3 4 4   2 0 1   0 3 1   4 2 6   5 3 5   4 3 6   0 1 4   1 0 4   3 0 3   5 5 5   

29 lvl 
8 47
5 6 3   7 0 2   0 7 3   2 0 1   0 6 1   3 6 5   6 0 1   4 6 4   1 3 4   0 2 3   1 1 6   2 7 6   4 0 6   3 2 2   1 0 3   5 3 1   7 3 6   2 1 5   2 2 6   2 4 6   6 2 2   3 0 4   6 1 4   1 2 3   7 6 5   6 6 2   5 1 6   2 5 2   7 4 5   1 5 6   4 1 2   3 4 4   6 5 6   4 7 3   6 3 2   2 3 4   7 5 6   0 1 1   5 7 3   3 7 5   0 5 5   2 6 4   3 5 3   0 4 2   1 7 4   1 4 5   0 3 5   

29 lvl 
6 27
5 3 5   3 4 3   3 1 5   1 2 6   3 3 4   5 1 6   1 0 4   4 2 3   2 2 5   4 1 5   1 4 1   5 4 2   4 4 5   5 0 2   0 2 2   2 3 6   1 5 3   3 5 6   2 1 3   2 5 3   3 2 6   0 3 2   1 3 1   0 1 6   4 0 4   4 3 3   5 2 2   

30 l 27 34
5 18
0 1 2   0 2 4   0 3 4   1 1 2   1 2 6   1 3 3   1 4 4   2 1 6   2 2 6   2 3 5   2 4 6   3 0 1   3 1 6   3 3 1   3 4 5   4 1 2   4 2 3   4 3 1      

31 lvl 28 38
7 32
1 4 1   1 3 6   0 0 5   5 6 6   4 4 5   1 5 5   6 0 1   0 1 2   2 4 2   6 5 4   6 6 5   5 2 1   3 3 6   4 0 6   3 2 6   2 5 6   4 3 4   4 1 4   2 0 1   3 5 2   2 1 4   2 2 4   0 3 1   5 5 1   4 2 2   6 4 4   1 0 5   3 4 2   1 6 4   0 4 2   2 6 6   1 1 2   

42 lvl
5 18
4 2 2   4 0 1   1 4 4   2 1 4   0 1 6   3 3 6   2 3 6   3 0 2   2 2 1   2 4 2   3 2 6   0 3 2   0 4 4   1 1 6   3 1 2   2 0 3   4 1 4   0 2 6   

62 lvl67 52 85
5 21
0 2 1   0 0 4   0 4 5   4 1 4   4 2 5   1 0 3   1 2 1   3 2 5   2 2 4   3 3 6   4 0 1   1 1 5   2 0 4   3 1 6   2 1 2   0 1 4   1 4 1   4 4 2   1 3 6   2 4 5   3 0 2   
 
88 lvl
5 18
1 1 3   0 4 2   2 4 3   3 1 3   4 0 6   1 4 6   2 2 4   1 2 4   0 3 4   2 1 2   3 3 5   0 1 2   2 0 2   3 0 3   4 1 5   3 4 3   4 2 3   1 0 2   

88 lvl
5 18
0 2 3   4 1 1   1 2 2   0 3 3   4 0 2   3 4 2   2 4 2   4 2 6   1 3 6   1 1 5   0 4 6   1 0 6   2 1 2   3 1 4   3 2 5   0 1 5   2 2 6   2 3 4  

88 lvl
5 14
2 2 2   1 2 3   0 3 1   4 2 1   2 0 3   3 0 2   4 3 5   3 3 1   1 4 4   4 0 5   2 1 3   4 1 2   2 4 1   1 3 1   

88 lvl
5 16
3 0 3   1 3 1   1 2 3   3 4 5   4 1 3   3 1 3   2 2 1   4 2 1   2 1 4   0 1 4   4 2 6   1 1 6   3 2 6   3 3 5   0 2 5   0 4 4   0 3 6   

72 lvl
5 13
4 0 4   2 0 6   2 2 3   3 4 2   1 2 6   3 2 5   4 2 1   1 0 5   1 4 5   0 3 5   3 0 6   0 4 4   2 3 4   

88 lvl
4 12
1 0 2   3 1 1   2 3 2   2 0 3   0 1 3   3 0 5   1 2 3   3 2 1   0 3 4   0 2 3   1 1 1   1 3 5   

74 lvl
4 12
3 1 4   2 1 5   2 2 1   0 2 6   0 3 1   1 0 1   1 1 6   2 0 5   2 3 1   3 2 1   3 0 3   1 2 6   

888 lvl
4 10
2 0 4   3 2 1   3 0 2   1 2 4   1 3 2   0 3 3   3 1 5   2 3 6   2 2 2   0 1 6   

88 lvl
4 11
3 1 5   2 0 3   1 2 4   0 1 2   2 3 4   1 1 6   1 3 1   3 2 3   1 0 4   2 1 4   0 3 4   

88 lvl
6 27
0 3 6   5 3 1   0 2 2   1 2 3   0 1 4   2 5 4   2 2 4   3 2 5   3 3 1   2 0 6   4 3 3   0 4 2   3 1 5   5 1 3   4 4 1   2 4 1   1 1 4   4 0 1   1 0 1   4 2 2   4 1 4   1 5 3   5 4 2   0 5 2   3 4 4   2 3 3   3 0 6   

79 lvl
6 17
1 2 2   3 5 4   5 0 1   2 0 6   5 4 4   3 3 1   4 0 3   1 3 3   1 0 4   2 1 4   5 3 5   4 3 2   4 4 3   3 1 4   3 4 3   2 5 2   4 5 3   

88 lvl
6 27
5 4 1   4 3 1   3 4 4   5 1 1   5 3 1   5 2 4   1 5 6   5 0 4   0 3 5   3 0 5   4 5 4   4 1 2   1 2 1   1 3 6   2 0 4   2 3 6   2 5 5   0 1 2   3 2 5   4 4 3   2 1 4   1 0 5   0 2 1   3 3 6   1 1 5   4 0 3   3 1 1   

88 lvl
6 25
1 3 6   0 5 6   4 0 6   0 1 3   2 0 1   4 1 3   5 2 4   4 2 5   0 3 3   1 1 4   5 0 5   1 5 3   2 1 3   5 3 1   3 4 6   3 2 2   2 4 5   3 1 5   2 3 3   3 3 6   5 4 5   4 4 2   1 2 4   2 5 5   1 4 4   

88 lvl
6 24
4 2 5   1 4 3   3 3 3   4 0 4   4 4 2   2 3 3   3 5 6   2 4 2   0 4 2   4 1 5   5 3 6   0 5 4   1 2 1   3 2 3   0 1 4   2 0 4   2 1 1   5 1 2   4 5 4   1 5 1   1 1 3   3 1 6   1 0 4   5 2 3   

83 lvl
4 11
3 2 6   2 3 5   3 0 6   2 0 5   1 0 5   0 1 2   2 1 3   1 2 6   0 3 5   1 1 1   1 3 2   

84 lvl
4 10
0 3 3   2 3 4   3 2 1   3 1 4   1 3 4   2 1 3   1 0 5   0 2 6   2 0 5   3 0 2  

85 lvl
4 10
0 1 5   3 1 3   1 0 4   3 2 4   0 3 6   2 0 1   2 1 4   2 2 5   1 3 4   0 2 5   

86 lvl
4 11
2 3 5   1 2 2   2 1 5   0 3 2   2 0 1   0 2 3   3 2 5   3 0 2   1 1 1   2 2 1   0 1 6   

87 lvl
4 13
2 2 6   3 2 2   2 1 1   2 0 1   1 1 1   3 0 2   2 3 6   1 2 1   0 2 5   0 3 3   0 1 2   1 3 6   3 1 5   

89 lvl
5 21
3 3 4   1 1 3   4 0 5   0 1 3   3 4 4   2 4 2   1 4 4   0 4 4   2 1 1   1 3 5   4 2 2   0 2 2   1 2 6   3 1 1   1 0 6   2 3 4   0 3 3   4 3 2   2 0 3   2 2 1   3 2 2   

90 lvl
5 16
0 2 4   4 0 3   0 3 5   2 3 1   2 4 4   4 2 3   0 4 2   1 3 4   2 0 1   4 1 4   3 0 6   1 4 2   2 2 5   4 3 3   1 0 3   3 2 2   

91 lvl
5 14
4 3 2   4 1 6   0 3 1   2 2 6   1 2 2   3 0 2   0 2 4   3 3 3   1 3 2   3 4 2   1 0 2   2 0 4   4 2 5   2 3 6   

92 lvl
5 13
4 0 3   1 3 6   2 1 6   3 2 5   3 3 5   3 0 4   0 4 6   1 1 1   2 3 1   2 0 3   3 1 6   1 2 6   3 4 2   

93 lvl
5 18
0 3 2   1 2 1   2 1 1   4 2 2   3 1 3   4 0 2   1 3 6   3 3 2   0 1 3   3 0 4   3 2 1   4 3 2   3 4 1   0 2 6   2 0 6   4 1 5   1 4 3   0 4 4   

94 lvl
6 24
3 5 4   4 1 4   0 3 4   1 4 5   2 1 5   4 3 4   4 2 2   3 3 4   3 4 3   4 4 4   5 4 3   0 5 1   5 3 6   1 3 1   5 2 4   1 1 1   1 2 2   2 0 3   0 4 4   5 1 6   0 1 2   0 2 2   3 0 1   2 4 2   

95 lvl
6 18
3 5 4   4 1 4   0 3 4   1 4 5   2 1 5   4 3 4   4 2 2   3 3 4   3 4 3   4 4 4   5 4 3   0 5 1   5 3 6   1 3 1   5 2 4   1 1 1   1 2 2   2 0 3   0 4 4   5 1 6   0 1 2   0 2 2   3 0 1   2 4 2   4 3 4   0 1 1   5 0 3   2 3 5   3 2 6   4 1 6   1 5 6   1 0 2   1 1 5   2 1 5   4 5 5   2 5 3   5 3 2   3 3 1   1 2 4   0 4 1   2 0 6   0 5 6   

96 lvl
6 24
3 5 4   4 1 4   0 3 4   1 4 5   2 1 5   4 3 4   4 2 2   3 3 4   3 4 3   4 4 4   5 4 3   0 5 1   5 3 6   1 3 1   5 2 4   1 1 1   1 2 2   2 0 3   0 4 4   5 1 6   0 1 2   0 2 2   3 0 1   2 4 2   4 3 4   0 1 1   5 0 3   2 3 5   3 2 6   4 1 6   1 5 6   1 0 2   1 1 5   2 1 5   4 5 5   2 5 3   5 3 2   3 3 1   1 2 4   0 4 1   2 0 6   0 5 6   0 5 6   1 1 3   2 1 2   4 2 2   5 3 3   0 4 6   1 4 5   4 1 5   3 5 5   5 4 1   2 3 6   4 5 1   4 0 3   3 1 3   4 3 1   0 3 4   3 3 1   2 0 3   5 0 4   1 2 5   5 1 2   0 2 2   2 4 4   4 4 6   

98 lvl
4 12
0 3 1   2 1 5   1 3 4   2 2 6   1 2 6   1 0 5   3 0 5   2 3 3   2 0 4   3 1 4   0 2 4   0 1 3   

99 lvl
4 13
2 0 6   3 0 5   1 0 4   0 3 4   2 1 5   0 2 1   2 3 1   1 3 5   1 1 6   2 2 6   0 1 2   1 2 1   3 1 1    

100 lvl
4 10
0 3 2   2 3 4   3 0 4   2 1 2   1 2 6   1 0 1   0 2 2   2 0 3   2 2 2   1 3 4   

98 lvl
4 10
2 3 3   3 1 1   2 0 4   0 2 6   1 2 6   3 0 1   0 3 5   1 3 5   0 1 4   2 1 4  

99 lvl
4 12
1 0 3   0 2 2   3 2 3   3 1 1   2 2 6   2 3 6   2 1 4   3 0 4   0 1 5   1 3 4   0 3 4   2 0 4  

100 lvl
4 11
0 3 6   3 1 3   1 3 5   0 1 3   1 1 3   2 2 6   1 2 3   1 0 2   0 2 1   2 1 5   2 3 6   
